start_episode = 14
Q_FINAL_TABLE[(3, 2, 3, 1)] = [0.0, 0.0, 0.0]
Q_FINAL_TABLE[(3, 1, 1, 0)] = [-1.2223849512930343, -1.441341295904035, -0.8326612974907799]
Q_FINAL_TABLE[(3, 2, 3, 4)] = [-0.36000000000000004, -0.2, -0.7299200000000001]
Q_FINAL_TABLE[(3, 3, 1, 2)] = [0.0, 0, -0.29221120000000006]
Q_FINAL_TABLE[(3, 0, 1, 2)] = [-1.7026282823628585, -1.4066900143742582, -1.7648901629072433]
Q_FINAL_TABLE[(3, 3, 3, 3)] = [-1.1413583381470012, -0.7031906295114256, 0.0]
Q_FINAL_TABLE[(3, 1, 3, 4)] = [-0.5957760000000001, -0.2, -0.52]
Q_FINAL_TABLE[(3, 2, 1, 0)] = [-0.7124420175134721, -0.709184, -1.1843866374202123]
Q_FINAL_TABLE[(1, 0, 1, 4)] = [0, -0.36000000000000004, 0.0]
Q_FINAL_TABLE[(3, 1, 1, 4)] = [-0.16, 0.0, -0.23200000000000004]
Q_FINAL_TABLE[(3, 1, 1, 1)] = [-0.5536404770588327, -1.212598770305784, -0.19089245223949985]
Q_FINAL_TABLE[(3, 1, 1, 2)] = [0, -0.6613576053370169, 0.0]
Q_FINAL_TABLE[(3, 3, 1, 3)] = [0, 0.0, 0.0]
Q_FINAL_TABLE[(3, 3, 1, 0)] = [-2.861769724347861, -2.8378205703740473, -2.679610163629935]
Q_FINAL_TABLE[(3, 0, 3, 4)] = [-0.5136000000000001, -0.9554785280000001, -0.57632]
Q_FINAL_TABLE[(3, 0, 1, 1)] = [-2.8709905512933487, -2.7464835561463405, -2.531810381944521]
Q_FINAL_TABLE[(3, 0, 1, 4)] = [-1.6993324111197476, -1.2031866700064788, -1.788773215101801]
Q_FINAL_TABLE[(1, 0, 1, 0)] = [0.0, 0, -0.2]
Q_FINAL_TABLE[(3, 2, 1, 3)] = [-0.1024, 0.0, 0]
Q_FINAL_TABLE[(3, 1, 3, 2)] = [-0.2, 0, 0.0]
Q_FINAL_TABLE[(3, 2, 3, 2)] = [0.0, 0.0, 0.0]
Q_FINAL_TABLE[(3, 1, 1, 3)] = [0, -0.3172300759040001, 0]
Q_FINAL_TABLE[(3, 3, 1, 4)] = [-0.461056, -0.88069376, -0.8348185600000001]
Q_FINAL_TABLE[(3, 3, 1, 1)] = [-0.008566660248475237, -5.932295306019006e-05, -0.011619904173765572]
Q_FINAL_TABLE[(3, 3, 3, 4)] = [-3.8023812089743383, -3.2123376702074773, -3.7681757996290863]
Q_FINAL_TABLE[(3, 0, 1, 0)] = [-1.3703998386240888, -1.797690197123559, -1.5812603499647464]
Q_FINAL_TABLE[(3, 3, 3, 1)] = [0.0, 0.0, -4.205760455413212e-05]
Q_FINAL_TABLE[(3, 0, 1, 3)] = [-0.6297063424686293, 0, 0]
Q_FINAL_TABLE[(3, 2, 1, 2)] = [0.0, 0.0, 0.0]
Q_FINAL_TABLE[(3, 3, 3, 2)] = [-0.03113851289600001, 0.0, 0.0]
Q_FINAL_TABLE[(3, 2, 1, 1)] = [0.0, 0.0, 0.0]
Q_FINAL_TABLE[(3, 2, 1, 4)] = [-0.39039999999999997, -0.68896, -0.5904]
